"projection"
0.002530637126518496
0.001374529158509645
0.00016070414755962593
0.0002256690525312812
9.407719974943635e-6
0.0004975839366115968
0.004452277422894415
0.0009816482605196923
0.009127479728028987
6.258083191679243e-5
5.138017197475782e-5
0.0010920642867953529
0.0036076449777817476
3.891467347961163e-5
0.00011601576966682281
0.0037662072662360247
0.0001133603732604282
0.004657258335484122
0.008568624163157679
0.010655002128727503
0.00017988556881504315
0.005273130871741254
0.00131614312660927
0.0004460882052242053
0.005715191092093968
0.0024779971541025575
0.00026901875535491424
0.0021631535364305568
0.001762850242737771
0.0012498346721353164
0.0021840093325532378
0.010588693304139155
2.775382890525101e-5
0.0118387730622154
0.007687214879175856
0.0013934283863906646
0.0038390291334320053
0.00045942241756391673
0.00024344915465559808
0.0027047509699665577
0.004935765248937281
3.995384101518602e-5
0.009391524272536414
0.007407797970718588
0.011836662208453884
0.013869541442845407
0.003610465523180292
0.0011065910130386956
0.009888468969941677
0.0034451770675978073
0.004466188890974694
0.022466239289868677
0.00024414977533424633
0.004934575865889911
0.000789417402968799
6.518143572784183e-5
0.0004908234284515951
0.0007733940314761021
7.19540629304453e-11
0.004599107001468772
1.1214898114669797e-5
0.0022172117462489643
0.0003868116765103914
4.9716565147838104e-5
0.002035328318202664
0.002432308306685546
0.0032169808926967945
0.0007798052724681722
9.080183358595799e-5
0.0001504321727942389
0.001691971149622002
0.0001841420363364215
0.008919550299083336
0.0030131983410821555
0.008584652625013227
0.0004257839292032073
0.0012798590891478737
0.0020347736606644395
0.004897579483087648
0.004716524748676216
0.00042197551023958696
0.0024745574007473746
6.103899854543675e-5
2.8344386290964238e-5
0.0009005119795658425
0.0002928927219801541
0.0028764890584232106
1.2573420490218902e-5
0.0016523153564232465
0.010026333164314541
0.0018337774378129027
6.767182054987042e-5
0.0003761445952901835
0.002504716916487629
1.3786809111709152e-7
0.0002796060144469909
5.77295186012516e-6
5.008625891453422e-5
0.0015863333810372867
0.00021726957022862785
0.0013842489284421734
0.00013373932982916917
0.0004133645814609174
0.00575544792094913
0.0005955187997775872
0.0058997274321870245
3.2714831485303894e-5
0.001352260533623912
0.0001714146903021202
4.830246475904662e-5
0.0002978914620545977
0.0011540321359965323
0.0061334032158225265
0.0003290513277177689
0.002222022070787505
0.0030545736003595864
1.6736937835982483e-6
0.0005958179592062888
2.9041511014579924e-5
0.00030212394441990264
0.004209886414007743
0.0043476090238231705
0.0014420923830120384
0.0007290091976902448
3.4753334975036287e-6
0.003961592074135791
0.0007665973135595611
3.05539350275615e-5
3.519720533913082e-5
0.0006876618182407632
0.0005086498425837759
0.0004681649478233078
0.0016025328630345287
4.215266915933994e-5
0.0009344751259276009
0.0038908377838548186
0.002163563751423642
0.017600358272598673
0.0029779707833628667
0.0008312085689672335
0.003011691759755812
0.0015148269164063813
4.98585110111834e-5
0.0011840448676989732
0.0018319692984207227
0.0003745944768656891
4.433349059391019e-5
0.00016077338028572466
0.00021185560711150486
0.0005679427423511389
0.005961980903049537
0.000403949132702209
0.0034224004828013054
0.00041035472232247346
0.008438026858557266
0.01443764215023
0.001189705700734137
2.143400785122346e-7
0.00023625523311536584
0.00037575369025497145
7.522162345925614e-5
7.124775827796952e-7
0.002289801247126323
0.004120714929088047
0.002419990473334909
7.654638174362881e-5
0.00060311820518949
0.001798958475639508
0.004026801596410549
0.012308926257692624
0.0006368218343223622
0.0009268220652348111
0.00040676894534943123
2.4446804178098665e-6
0.0003062034370778588
0.002177709226762027
0.008877356556103048
0.00038534237579552816
0.00124489399368211
0.0006743383510204894
0.0008959847035286099
3.746211006708101e-5
3.338724317265729e-7
0.0006733073285976267
0.001343680660060438
0.008319555553497416
0.021439680557843697
0.008738059007221514
0.006467245537684706
0.000649896882170234
2.6056656498169276e-5
0.0005307807742284046
0.00019909897793351592
0.0003650372160646428
0.008223799678804041
0.003485496416715537
0.002218257827962683
0.01843973236604146
0.0012115661770109316
0.018289623198914865
0.0001427123938423737
0.00013115743565495985
0.0007394987431087717
0.0012544444408636266
0.0022045332778596926
0.007509899200892332
0.0015849250937569068
0.0016469152068645963
0.04000256624613277
0.0009723613499551831
0.004693360159850965
3.2383248681316035e-6
0.006816130550652307
0.0013254186734311566
0.041644285328047155
0.010222975847589357
3.725728004481478e-6
0.0016856897062843279
0.0011542871949138172
9.994486234780761e-5
8.809952398088877e-5
0.004554018892282414
0.0006527221993107674
0.00011753279584248565
0.005061538447002689
1.9891580596204072e-5
0.0026835138871435034
0.00039933562985168075
0.013314094175363838
0.00047657987934236426
0.005398146990705463
0.006937027784289132
0.0016030812082500766
7.378674796154638e-5
0.006347793267160362
0.002149915208897349
0.010036230109814364
0.002956168653992964
0.0021644516453295888
0.0011064343177484644
0.00013713077715520218
0.00031222419700204217
0.0026098137921081394
2.0418519188845812e-6
4.550902264181618e-6
0.0132172084523499
3.774570670822219e-6
0.0016379226382248196
0.0003175602562051933
0.004100392100210823
3.820000125099717e-5
0.00019192874918691174
0.0005056840113787309
2.329065901200769e-9
0.0016204527893104983
0.0014214828590249935
0.0012309725536802296
0.00019506602920554906
0.00012431551215186248
0.0012418538447508084
0.0007528906392264177
0.005362226111947105
0.00012086186576503401
0.0005492253883733083
0.0008608877467963275
0.0005482709426201076
0.0023842824964266157
0.023801416910706055
0.001131620797592639
0.024506225768164414
0.0010691644352206291
0.0005387951875303981
0.00022171738784792824
0.0012713371738719038
0.003861075679208411
0.004269623384047931
0.00010484625794225712
0.0013213860249154756
0.009035572836821172
0.0018187349908452975
2.0895067657207216e-6
0.0015602608413245783
0.00011801980132752392
0.0023444354515083023
0.0002082779234936066
0.001277790088421798
0.0002656933795147403
0.009816116854761713
1.681876506792796e-5
0.0007125989410092158
0.00032146966490304474
0.0021136071359028072
1.6161274900986004e-6
0.00013284815426906082
0.0011747194845151403
2.5271450966952917e-6
0.0016626942702079612
1.690752790277575e-5
0.00033223792009235244
0.0036449150858044784
0.007057674848617793
0.00022238437900327758
0.000992394013383003
0.005945233698045338
0.004609361623593452
3.824093045330844e-5
0.00035661998925134807
0.012700047861380287
0.00022335202147090157
0.0016517440269037528
0.0007483087338854285
0.0018657765183679321
0.000466909374793116
0.00156119891573061
0.001049938331619455
0.00011991589895118607
0.00012751405475950085
0.000652613887014144
0.0009706176249732884
0.0009085435309367782
6.209319952966914e-5
0.00021103316896834695
1.7012452698832442e-8
0.0004394144601928622
0.001300952069885641
0.00011022993474440829
0.0012854777713585434
0.0031481297741271152
0.002069516271556025
1.0559056855490158e-5
0.0043550784906414425
0.00206277975646378
2.604302866512966e-6
0.0001941099218848688
0.0010088906291038735
0.00020685658742170782
0.00037061511352586745
0.0009597905076290929
0.0008475130697268437
0.0006747141675078734
0.0033477185524190853
0.0020372562703788633
0.00020830500742955357
0.0007207622197861848
0.00033453374238308207
0.0007224424761544009
0.003029988234128327
0.001967023403902997
