"projection"
0.020183002556679902
0.001270949043448795
0.006294352582262663
0.019696885801780504
0.005392091627931992
0.033057629177312677
0.0028741960060101315
0.0003852750606314714
0.0010411248525694905
0.00015238299822329632
1.6066864455789793e-7
0.0006099308497614338
0.0022404978175813613
0.010875828929261073
0.004599706209788099
0.0003920058116431478
0.0020662529103778896
0.0016104520191577902
0.0012708701134182226
0.0003214279721922884
0.00010994679126506895
9.225716915272677e-5
0.0026493522175330985
0.0004560767781364671
0.003088914453651466
9.993790028429045e-8
0.001548756897380938
0.003499895018816434
0.005280139336111917
0.004877342317999366
8.946657848004619e-5
0.0030259911288179103
0.007229214087664585
0.000985107142343988
0.01819275853453488
0.00472485476893156
0.005351986285730704
0.0027560679565157955
0.00012353991954643182
0.008008422399600073
0.00016683604520651237
0.009440179633528525
0.0013980518225561699
0.00014335003399174807
0.0012170593949326941
0.0005357730877130472
0.002493250152625502
0.0009771491160227444
0.0012994866723540764
0.000535100874628252
0.0029734306582183314
0.00023157042743662576
0.0016683249630672521
0.00038217099004520764
0.0005815734584951913
0.00010901516724530803
0.003814758576477233
0.00011888419562677447
0.003220609398899369
0.0001889983218284667
0.0011570333765024655
0.00330421710486187
0.00015100492031886313
0.001258437210342071
0.00278722237168566
0.0012156213211571535
0.010088967532449672
0.001321950595879585
0.002645281261137324
0.0017839669151890336
0.004278676697948239
0.0012635353247205238
0.0031174376659201856
0.0029179285611556985
0.0027102799973093466
0.03832826127621504
0.0043490103874023875
0.0033630877442605155
0.005131977484290675
0.00020189775443861145
0.00014049778098797647
0.0015924460418757743
1.3658352133964222e-5
4.430796293713033e-5
9.950510602654036e-6
0.0017310598623041472
7.92452660265147e-5
0.0008992006694371382
5.028696179687822e-5
0.0004579866296877936
0.0004974927125286035
0.001267953840961591
5.384666983336095e-6
0.002877879399265046
0.0005143842991299154
0.005312818693151116
0.0053489907813938885
0.00015745967360774937
0.002888630885652782
0.007145770818422473
0.02592905251295857
0.01973546554312985
0.00019024517566263628
0.00016028108516077334
0.0023632552312613697
0.00027770826897435146
0.0003311425882933765
0.00024226915734137626
4.803994973347099e-5
0.0037731944442313584
0.0010976418268456114
0.0005005820195599647
9.151549088318327e-5
0.0006384888611171597
0.00049161392558145
0.002487394263676442
0.0011340904366495116
0.002103216622396188
0.00045187177122447893
0.0016603081833705428
6.438108596892972e-5
0.002612955864780977
0.0008369408018812706
0.002271942831573048
0.0013802266241048783
0.0002226410667098912
0.00014138340219183008
0.013198513453683714
0.0023308901985773724
6.840908017562396e-8
0.003549091818625542
0.00039372952606856046
0.0003046677744322373
0.0012530698891000712
0.0006160825338132941
0.00932479307375033
5.280057367271643e-7
4.591134379237152e-5
0.006530349520992582
0.0017089880136963872
0.0006067329885451602
8.658155886861758e-6
0.0012454457398890578
0.009722872636872326
2.0548928179367388e-7
9.126638629239476e-7
0.003897312990572735
0.002271524276597535
0.019973858321392098
0.005668065559437334
0.0006179816059239218
0.0008093670710848048
0.0001258163385348948
0.0009788944473084074
0.004310008106379126
0.005206654487761084
0.00020818028684122653
0.006106602299308059
1.0733406659873276e-6
0.006268360727278264
0.0002455860823053093
0.014319930671441822
0.0004080445797138682
0.011701360665925312
0.00020328088060213393
0.00038029983530275845
0.0077060885456218175
0.00018334146542812384
4.178287192220897e-5
0.00013212355151222198
7.17829280351914e-5
0.015443425563113606
0.011377381830793221
0.007181919171419146
0.01878004950554927
5.419632612245895e-5
0.002794722952233884
0.0003497658044990354
0.0007264776482278278
0.001316212906193525
0.00017381306187136232
6.632651691188184e-6
0.008293633005689352
0.0002487715094805587
0.0003306645925991917
0.0002560271588978132
0.023749773647213167
0.0011531933873835658
0.009167513075198292
0.0009203655355101446
8.390941581111346e-6
7.189009397468993e-5
0.001452908017261409
0.0003018236049202388
0.00041795417165755287
8.98653484657816e-5
1.4765277765460348e-5
1.1621461450775888e-7
0.0011839324433358537
0.00017490228412039778
9.090931503968533e-5
6.224167984070671e-5
2.711027721691025e-5
0.00016121843153606575
0.0014497917356873385
2.4837317854338227e-5
0.001506072271587465
0.00042729348594718725
0.000507982903289518
0.00017611262235321353
0.00016705223436444265
0.00014164734844807905
0.0004686698560624313
0.0035141160209479247
5.283075373486604e-5
0.0026280881700083245
0.00019685108822671348
9.29829955101645e-5
0.0045665674697765056
3.3268462916457965e-6
0.0006154165017910435
0.0002391330241864544
0.0005547543751487934
9.697766251780883e-5
1.2839253041470502e-5
1.173869059839672e-6
0.001312470016418542
0.0006703855291567491
0.0006216170390621685
0.003435819090396071
0.0016066115798620349
0.0032900022594189314
0.0005501721651711859
4.030398352775554e-5
0.0001743255549757187
0.001441053619955412
0.009746347372104731
0.002758840976536528
0.006164989001913989
0.0046613015067689025
0.06621584976549352
0.00018733268353741915
0.00024037919398679143
0.003475337088827196
0.005916334644665624
0.0010640350832246189
0.00010782310934034429
0.014939445777386361
0.00031552804961063806
1.1660591364823865e-6
0.00016092439221028083
0.002963398163865439
0.0010697242429574517
0.004349293101799833
0.005028326479643592
0.008817425724680248
0.0053735871213306235
0.00038710466323715436
9.290806268523336e-7
0.026216882677372738
0.0014943501307027463
0.0007992771754054331
2.2187033028966263e-5
0.00046901295567967097
1.8442097783716414e-5
0.00011565657432811866
1.8212245263678078e-5
0.0001846471600630291
5.4587368769612934e-5
4.926283536031723e-5
7.081979400020749e-5
0.00015325883034570702
0.0008710161270863996
1.1506777119535629e-5
0.0010599396411815577
0.0006852313694608147
1.5247451024080856e-6
0.0024101934357738967
0.001401042336536371
0.0021710260915105916
0.00037391343451327537
0.001024462269420193
3.5251749033029244e-5
4.048565182657075e-5
0.0026629712353805246
0.0010487357192858608
0.010038411709205337
0.00028130201425734686
0.017350226154453155
0.011562847110677354
0.00612007323195319
0.00016854676927129147
0.002147734333585925
8.829843164960438e-6
0.0027123974877842376
0.0082388502459989
0.0018200987636540914
0.00043030747788754323
0.00016951990693284095
0.0010317555048858249
0.006779738252858131
0.002245947826528185
0.007259480231740913
0.00022196410955295534
0.002627963149776543
0.006000102977125494
0.0008446990698895446
4.307389365008667e-6
1.7548891002773206e-5
0.0005269162422654995
6.962653527928498e-5
0.00033488577435757913
0.0010726848765179632
0.00011283419322492007
0.0004346828226118538
