"projection"
0.00047728019009350773
0.00558872811952905
0.015805032899046084
0.027605916263294335
0.02468664432758282
0.0015214287363760908
0.05013987389710661
0.016304477465545
0.0035034953149002753
0.007481566807470656
0.005521965270525448
0.04695592866444311
0.006823326106925136
0.003389235840464498
0.0033361570597294043
0.004849065140519017
0.012244935877176694
0.004731314844197665
0.006797675045664491
0.04319669469507381
0.02427882561753545
0.00044592036186889795
0.0002774659440683835
0.025021191522390993
0.00019917059904458797
0.005264410390378246
0.007304122555160203
2.9287187327622285e-5
0.0012121672780260272
0.014248093973088249
0.0013363946586284615
1.7281888246582782e-5
0.01305352531145665
0.018481133950835983
0.006636715267362605
0.0016971318966716884
8.18138605375848e-6
0.01500785110261956
0.005351085664801952
2.6317194667236607e-5
0.0019153595170331636
0.007973981007309432
0.00500555025212152
0.002849934965209171
4.3455451654508454e-5
0.00876987421002348
0.010931834431288619
0.0009607603576710928
0.011789421078586196
2.5309688596638197e-5
0.0018003539115158719
0.0019902483670514
0.013380544409647411
0.003362118792027871
0.002379447912464867
0.0018577076521626031
5.381472339903381e-5
0.0016668518105450558
3.0161348192063787e-6
5.831879835965954e-6
0.0014066079586064113
8.894005494830087e-5
0.001857224022691464
0.00011144666603200417
0.0025758437877884967
0.000975467732476764
6.461288613883653e-6
3.639843491306535e-7
0.009448754010655834
0.0064313880978814466
0.004474597908189301
0.0002443817285162677
0.0007820923132612067
0.001270716480684572
0.003263308671091424
0.0030380276588979974
0.0016452424338754702
0.002036570605714174
0.0015425367613271692
0.0009317017403093108
0.0026582641208079644
5.9834743298371024e-5
0.0003139272723988621
0.003038200645239215
0.015304506873869196
0.006308188797368721
0.0005240334368776177
0.002318899456066366
0.005784171714415158
0.00010731692356402882
0.0032523590671683345
0.0029223698753291084
0.004710821811936071
0.0007032751737532085
0.0004701050047398324
0.0015837874540968147
6.486820329984525e-6
0.004247257915252519
0.004271295271371665
0.0015171563985399825
0.005328342097471741
0.0001373631840010459
0.0002467591553411728
0.0014464663424509367
0.00011296108504397058
3.857967290366427e-6
0.0013929570169096306
5.401274286740755e-6
0.00010741588194248722
1.8022847383772988e-6
1.0258920258247275e-5
0.0008721894993761042
0.0018477147108722327
1.56668786835503e-5
0.001597115165172452
0.0011774687881126067
0.0007303212359659936
0.0004705551432740565
0.00026407058137048467
0.0007061752381429535
0.00335304827655803
3.103714793930776e-5
0.0009210266130190961
0.001891921793911467
0.00016615874599450048
0.0005958151653864574
0.003052813368676882
0.0030810644356977623
5.605403695924682e-5
0.0006823761148761708
1.93704723623694e-5
0.001747352495161913
1.7154264447266167e-5
0.00020821827611738664
0.00014772051946015697
0.0002878865492251846
6.460656599197003e-5
1.7163053659764967e-5
0.001698510881492842
5.047393710766656e-5
0.00121185335686447
0.0011529159261219183
0.0021465577956284966
0.012149786115287595
0.0008959254141449959
0.016447049602301037
0.039300158452930035
0.0175977195417629
0.00219367095868149
0.005169111178495707
0.009524093953740367
0.00039800131265903873
0.002603398952822265
0.0023232722519598305
0.0015712576877400255
0.00011238740502845391
0.0019224959433801815
9.512205321068937e-5
0.00046510766916844985
3.5281363847637915e-5
0.006286120188521867
0.00043483917458921024
8.661658472909351e-5
0.004416130359643279
0.004395795764297353
0.000991143832439036
0.0043598602290787335
0.00018895622532912802
0.0003005972636106446
1.380547240697822e-5
0.0014106727652546305
0.0005341611282747081
0.00045593990859477953
0.0009533257017841031
0.0007299762565341277
0.0013841722358828303
0.0012466885891664363
7.693309830054644e-8
0.0006377089195801216
6.960597939025097e-5
0.002394863882999564
0.0005449138363455456
0.0013228802791361587
0.0017340614152340547
0.0003443672880054031
0.0009476544556251682
0.0002599764804153026
0.0071453897693777605
0.00018706220297872754
0.00281572450389598
6.319448989612739e-7
0.004899103382973348
0.0003523918977289798
0.0003657089683698253
0.00018749845626383203
0.003569872351240152
0.002394449915841154
0.00017408352532921926
0.0001041658445817273
0.00045808711751991934
0.01116750446342078
3.456036089550913e-5
0.0006941929671262198
7.4726727944216986e-6
0.0045507722827499665
0.0004202242188686718
0.00632784603773825
6.145383181928703e-7
0.0014716083336014944
0.0004440583942271375
0.0016386779719157866
0.004479078803643242
0.0007846511820476269
0.0004087415919614783
0.0001039780084503954
0.005989578982849407
0.0022827558999852803
0.006198260605433174
0.001826699721747314
0.0009011309058772671
0.0011577529134123095
0.0001416181956594171
0.0016326671342404577
0.0001510860518172946
0.0010994269020381487
0.00047133041514603154
7.08785725773033e-5
0.01119765428442692
0.0011575869315437416
5.840912718706164e-5
0.0006108768565716842
6.659506505420066e-6
9.170725160673539e-5
0.001769449596298805
2.070588135597599e-5
9.664259223457285e-5
0.0004786785200718647
7.656332691204777e-7
0.0022139672995752854
0.00015514488878920629
1.2188626632378486e-5
0.00010307393872031163
0.00014017162612464713
0.0006479943086897534
0.00011762920704643933
0.019831571322474824
0.006531101933567796
0.002672919898078402
0.002513316484746052
5.5445906298307284e-6
1.0902874920918453e-5
0.000410085761554011
2.0843811363886898e-5
0.0002943278308432534
4.5944860870251576e-5
0.0003532288009478513
0.000747520880945049
0.0004971952042402076
0.002781123369860936
2.4982612079068075e-6
8.21622578483325e-5
0.0009522050126710884
0.0011231239931406521
0.000668939375550146
0.00014253991210164035
0.00017544120250732043
0.0013092599956312896
0.00402227515504252
0.0005372714986277023
0.00020367431604325509
0.0009394078281604953
0.0002816748789958433
0.0009612626470109831
2.690792007796496e-5
0.0005275450369081442
0.00014370832001626985
0.0004099247324585602
0.008914290870892443
8.416036951293484e-5
0.0013189845665773248
0.0008543274618047357
1.2368251588703082e-7
5.808369462183303e-6
2.917000470275426e-6
1.9748523356476352e-5
0.00023039509068592767
0.00010158226188602115
1.3331003387053718e-5
1.4092841689598461e-5
0.00033926306643653587
0.0009590374021187872
0.0004506951620268007
0.0019036406981012212
0.0015709887400565878
9.30658442746543e-6
0.00010250853388902858
0.0005910121419252147
4.0417077377398335e-6
4.252207209916243e-5
0.0007435206942867987
4.810019559604124e-6
9.97770458879556e-5
0.0002564751660726641
0.00012765276909911232
0.00018965830778661024
0.0001532645747715597
0.0007309619610093461
6.249412266396466e-6
0.003231356049234741
0.00020545327121041938
0.00511654198261243
0.003121444235481347
2.724332901763646e-5
1.3257911975785566e-6
0.0006405474957248237
0.00010024965003967309
0.0012255738490537474
0.0001957108214791938
6.328249531933201e-5
0.0010748784293062245
1.6052239972245693e-5
0.0011730105360029872
0.00044817219708593643
0.00019945127433065505
0.001136543956697113
4.456019327914869e-6
2.317317124452603e-5
0.0007874560758695842
4.809729426542882e-5
5.42896933597427e-5
5.5125166927398335e-6
4.971502784994356e-5
8.177328280664314e-5
3.8696906537766327e-7
3.9857675274105616e-5
6.153672343092285e-5
6.697405489484109e-5
6.621696115476043e-5
0.0001007862842484834
0.00020568083412936985
0.0005075286231988126
0.0001122424195919329
3.530531853774438e-5
1.0073472385730444e-6
4.791982166794711e-5
3.7997043364389014e-6
1.638191054862004e-5
5.520744586265954e-6
7.550480271349316e-6
0.002361129654973907
0.0002102309271360636
0.0004894136386386175
3.480184667163072e-5
1.717355168654249e-5
