"projection"
0.0005306323114963586
0.0009139359631210262
0.0014527804870267988
0.006322442963622168
0.01278528977715013
0.0013156888138727157
0.0009893667969841525
0.003582575128227355
2.1108158041683593e-5
0.005728999033607483
0.010314262546997192
0.013071421164827356
0.0005604811815193954
0.015046450466619048
0.00038873338259118675
0.005385368300016199
0.0007834630141993008
0.0027996633470903595
0.002930666116983483
0.008371729434822596
0.0025084422892637875
0.0021721915296565334
0.009860573435012067
0.002686673429711507
0.0039023108787758897
0.00045143904787228923
0.00021561746212360894
0.005236303490342059
0.00022385081635626313
0.0005213362601538361
0.0011403627084230926
0.00023137383991907884
0.010787470919373387
0.006864481054202577
0.0017207309438192603
0.014525831733197688
0.0009965928960742425
0.00016824300026185471
2.133180393563737e-6
0.005411596774702747
0.0002655654869785014
0.0031740486395594636
0.0005976838803378405
0.00034778049367372403
0.00029230745351083756
0.0002936592986642624
0.0017241535526791936
0.001644317132198486
0.0019088753351461365
0.000332699182400802
0.013954650649401568
0.0016401894813023617
0.0009437139430829242
0.00146635911168325
0.00042561302784072
0.005388123450172558
0.002656295171323006
0.00010864680924164753
0.0032602578856075234
0.006793143402491181
0.00017382546151556162
5.1946606919608626e-6
0.0076461369504455595
0.015237633512588802
0.0003058722089308056
0.0050764039259713544
0.0018445799312879565
0.0034123657021310995
0.006672909793042996
0.015891060926573997
0.003611117718560506
0.0010734150082890737
6.197182875955383e-5
1.6088506360823598e-5
0.0010979060465323796
0.00045147025746365655
0.001161098698376701
0.00841536318987576
0.001087826782492933
7.447086128982537e-5
0.00016964110207900643
0.0007068565447138586
0.013559390959789117
6.0754321325453734e-5
8.897706014309593e-6
0.0034302426125160444
0.00169640928116133
0.011447915055941922
0.019882331803172632
0.0019488993785506785
0.0011239483746410225
0.0051867574056507935
8.666793731342237e-5
0.007365244868687911
0.0002392458885306781
1.0845865871373106e-5
0.0010529024143423294
0.0032554081558124107
0.0047103235492140655
0.0028633665963289025
0.006103162537139361
0.017583498824106286
9.92008504099485e-6
0.0032559998802140703
0.007909531601331333
0.005110853331999934
0.010076262567671376
0.00012346133359855384
0.0009462760879844934
8.402655018310942e-5
0.0006694999118611861
0.0031625611745412486
0.0011805425958598236
0.0023913762799648774
0.013473883432290132
4.8501375952618716e-5
4.289274734397024e-5
0.0017515143723126029
9.727823233007297e-5
0.002333360026369165
0.0049698099889078085
0.000976190137333761
0.0009073946200698655
6.810771300011086e-7
0.0003082117349280661
0.000190169428551794
0.01367953626260188
0.004901222539488314
2.8201600042092663e-5
0.0001744836832947938
0.007186956627238226
0.0014830804667927155
4.493967689109502e-5
0.00030435800447919063
0.0016192945900385454
0.0011970345247837373
0.0007761627215330188
0.00041648156594122846
0.00010083682878238016
0.0001803406293640691
0.00034964753407868023
1.3327933501449605e-5
0.0016256828280430257
0.002127262782658963
7.58104228623755e-5
1.1772311232004002e-5
0.001306101531958317
0.0022980561414569552
0.00047084217862684315
0.003023436323187502
0.0007161102669933355
0.0009105696626028183
2.7894932661136e-5
0.0008435981094044081
0.0003623419965376869
2.8753535669812893e-6
1.2621402637257794e-5
0.0020591967180954612
0.003985112731312406
0.0022759682016551173
0.002611387533723438
0.003090692604931212
0.0001998857260799118
0.001102476712498447
0.0004995773618926431
2.7168841957393035e-5
0.0038939118958543997
0.00010052292398472642
0.0007973605435014743
0.001040393971043396
0.0015623925458266717
0.005872944742313212
0.00880232825443598
0.002332742781837301
0.004075952511291941
4.621875764778186e-5
0.017294833373433103
0.0001414242332019267
0.003965853044612495
0.002836361032182757
7.383698386080204e-6
0.004260316726070179
0.00022513645318409184
3.726573109070838e-7
0.005388533746252253
0.0015459166546216284
0.0008737668973122191
0.00023988303145453974
2.1515091655380338e-7
9.865842318360828e-5
0.008475662407913762
8.665765984430275e-5
0.0002317773873765391
0.005608484386709028
0.002533689612739953
0.003593798750612038
1.1990723640963737e-6
0.003294296616422646
0.006341357793033994
0.0024798686160674138
0.005745688257717461
0.0022121539469221307
0.0006117440125177415
0.00030531669898802743
0.0009760327855775071
7.683888004139868e-5
5.1420018739844196e-5
0.001989671525382421
0.0017656399455691517
0.0009315298031923446
0.0029638250040608873
0.004866817277969681
0.004077688979820764
0.000514212646150153
0.00609509998021387
0.004251226670162799
0.006935588556675098
0.0031163761480142277
0.0006908925289621974
0.008992529921179016
7.583860135639362e-5
1.5646437285390209e-6
0.0018884942170003147
0.0015484710005742584
0.0027023592668334474
0.006899770505390015
0.0026005466687345374
0.0024666877015032964
0.0009042752738376083
0.007885534846093565
2.0020705693483767e-6
0.0006174922549053622
0.0003890812838249486
0.0014782517761320825
0.0014101205160834374
0.00025909153352348665
0.0009626772819343975
0.001662455220432723
0.0009730812739271726
0.0004653745382772964
7.239389118250535e-6
0.0031668722833522196
0.0028149334867542974
0.0032447427570459183
3.767618416982961e-5
0.0005430723122408856
0.0199124341306924
0.00025718518331422377
0.00022084335266883012
0.0004628182820717302
4.617779643056719e-5
0.0021189680353535293
0.0002766442984004724
0.00044263042143185324
2.0803778119782113e-5
1.5954046004325915e-5
0.00013799969543060254
9.644398767237338e-5
0.0010223091327835447
0.00792360776025321
0.02739349706300376
0.0002668286804249773
0.0002514634011552662
3.2227756940060787e-6
3.6366134032306886e-6
9.069773386316167e-7
0.00421549352515212
0.0002188367526193269
0.0028352914223586556
2.9327052911553647e-5
0.00020872286917525092
3.085901580554336e-6
0.0025019009445873108
0.00021669827652857825
0.0002422208668473805
0.005121182765107526
0.00020044195005290022
0.001037462618227584
0.0006006581204017029
0.0007394887239161935
9.391458708803464e-5
0.0011969604837648933
0.00020642680200668112
0.00014735948530224596
0.0005670926912653397
0.0012776358747511396
0.005425586706136936
1.0210989118032163e-5
0.0012984471487994345
0.0013400270754933353
0.0014733227597401911
0.001227433534630293
0.0013245836235088728
0.0004893252146622576
0.0015051743528257178
4.695657236370401e-5
0.00012064200306481986
0.005340410217302196
0.004286591997674493
0.0009719373565009011
0.0004409990056707221
0.00168493209216808
0.00030984611784825813
0.00010014109144007684
0.00033745106736175236
0.0021798844311259674
0.001261759040857032
0.00023227355384824777
0.00020494758537015434
0.0012368436389490003
0.0011019104872861333
0.007218232945441676
0.0030748655989862516
0.005248740602924559
0.0024541095769399154
0.007125803017950195
2.913352600590541e-6
1.3468030770431598e-5
2.9439068727837725e-5
0.001163216690372497
0.0012389536798821691
0.009985335266507755
0.0030246753102436447
0.009116799872772812
0.007246652262846216
0.00017190289574516325
0.0004974178363536624
4.339161600997581e-5
0.00022554918916807914
0.001248513304101503
0.00011369787662318299
0.001385607096722327
0.0013866238101513276
0.0016881741422412847
0.0002830497148802744
9.601405753118594e-5
0.00531666587103435
0.01351225648421592
0.0019415685017611245
0.0025260811386639843
0.028100055814840003
0.007436785990252762
0.010320914049373235
0.003414626501190006
0.0006552949118221259
0.008265700399706344
4.530118308168502e-6
0.005171310193625954
