"projection"
0.00023707216045817914
0.0007004749329514477
0.011740136984932786
0.00016397178791985258
0.008256977248099302
0.006942321993321366
0.02663269927367159
5.2162955601908956e-5
0.0028817808706916837
0.0002474219932892541
0.0006865083256530866
0.00014115814916376793
0.0008479742560627151
0.005760926189102877
0.00812655451263355
8.853787697375088e-5
0.002592612551719553
0.00262438699870361
0.01646492477391792
0.00018820511149309283
0.002599362935492442
0.012749078826833102
0.0013579899850077954
0.00936085400044848
0.01020248409025448
0.01677563533356326
8.881308470593662e-5
0.014304459850664645
0.003457175473528268
0.0007265416762573586
0.0012548674096933598
0.0003720437463467987
0.0011282711808955604
0.003956397509248213
0.0022485945387712256
0.0022694868222410793
0.001211408527142183
0.0014095968878182
0.0005688128866484472
0.006615366102953702
0.0011914429125223869
0.018851829396124353
0.0013135813032240304
0.013564115131977264
0.01074819616092628
0.006211867040984309
0.0012829012109224574
0.002849629667917954
0.006156234768364956
0.0016042867128007652
0.002512150995376072
0.0005021731576195379
0.004770006032498194
0.00042084688233535783
0.005261335513473643
0.0020098373953745066
0.0013385716417512624
0.0004678459760458373
0.0023011554865682645
4.2605794809616556e-5
0.005258934003643396
0.0015816164421052293
5.036776061449116e-9
0.00032207970166335515
0.0010992222727307344
0.0020413839827263932
0.0023541767435783178
2.011382867134322e-5
0.00640078292946097
0.010044845988540451
0.0012203321306118683
0.0009651937530553531
0.0005268782767595145
0.000994352353486825
0.002598488844162696
0.00017950981704097232
0.001376353269611219
0.00023033958526583697
2.5262592390500968e-5
0.001117320081807653
2.050019402444139e-5
0.002330830685270559
0.0008316602131891077
0.002695201097241934
0.00030510812919844123
0.002919651641097101
0.00031423876528597673
0.0010855363770350824
0.0013331246002506324
0.001619280683132304
1.30271067881905e-5
0.0011222763282136628
0.002542361050627301
0.00221803977264747
0.0006430700630791211
0.01214187686820578
0.005280162728963211
0.0002839285083576741
0.005186669588353018
0.002737162257828761
0.0007118612459325427
0.0008139428387361273
0.009691564349090376
0.006821461583783177
0.006318476689343664
0.004252512564187929
0.0022203443603729753
0.0005711978684900426
0.00010779958854254344
0.002747524060559522
3.943380410556257e-5
0.004619790358687833
0.00600645166150164
0.016849239656968194
0.0024932289646271487
0.0001615642896594069
4.563954153117433e-5
0.03498561276262645
0.0001415167288224525
0.014135104457067227
0.006280570539576243
0.004169830262603792
0.001701491231118009
0.0010862219610961823
0.016829610419489358
0.006127028602246085
0.0013705486326092038
6.726778385304403e-5
0.0017704552174179844
0.0005710187870981737
0.00026219954144167406
0.0010871418891780454
0.004151825913304884
0.0015539342359652895
0.00034957852021923734
0.0051826981176275105
0.00912392092013065
0.009662483075374055
0.004289173376445726
0.0020112544340495325
0.0016332013011028123
0.004704516576385186
0.0033614138315206732
0.00361027878937762
0.0001380387417082314
0.005337922162313879
0.0002750510599143979
0.0014197169421015004
0.00012755702726118174
0.0005053702286490944
0.001972548540904045
8.634964191953056e-6
0.003911453392292404
0.0017647330639684728
4.520008141151691e-5
0.0005230915197655612
0.003879782612909886
0.0051453171332639346
0.003716708166184141
4.152744050385072e-5
0.002972447320911524
0.016675376219964337
0.004478830970369779
0.0032362279890624885
0.01127961739487148
0.006533307959119811
0.0010784813268951534
0.020381546496422338
8.091220878726962e-7
0.00044484291810278676
9.851819549544674e-6
0.002607102012198501
0.004570888592770007
0.0005562195295300662
0.00017218863629411992
0.0003227225263111544
0.009009011859658498
0.0004527288106425666
0.0026332487017566124
0.0006180538025214388
0.0035104543697769405
0.005897721635802593
0.004773940188482255
0.0006456410025571972
0.004555731143689573
7.976536212196796e-6
0.003266193383662521
0.0005948648731247507
0.007279456762905521
1.9940302230669618e-5
0.012240166205838189
0.00016747725061970738
0.0011891937610822615
0.001198087306296129
0.006460465334858975
0.002688296786961615
0.014799866277375852
4.323474483522961e-8
0.000540002037969999
0.0014187613104171088
0.005136850892357293
0.00031075961979606
0.00039338583533463317
0.0002682805085511238
0.0021935965247426503
0.003690028299502709
0.0002429201094271142
9.386971642436153e-7
0.0018755498356567326
0.00036907791420368713
4.493387454062369e-7
2.0310662864835365e-5
0.03498508157031011
0.00809252517424758
0.015498592752464882
0.00027068299003067567
0.008112130775793112
0.004960001699021608
0.006133604354953909
0.00011063095841465876
0.0006040547043776504
0.00016642303653605415
0.0003167821388079763
6.467642222485775e-5
0.0014474186771050168
0.006537931485950293
0.0001130374620112576
0.0006952439912033061
0.0001891015260029256
2.4456821922077244e-7
5.090134170981961e-5
2.1543164881980208e-5
0.00023517390453801082
0.0009539838974814081
0.002768827265882419
0.002499392934199887
0.0009161111894923027
0.0006569000248880288
2.3397643296906375e-5
0.0001667834693984395
0.00022812828206955258
0.0040048730899934866
0.00029014670005296137
4.426398934492817e-8
0.0003819417190369
0.00017656016220589054
0.01207879874406438
0.0003040942758038083
0.00041685343323906383
0.00018285371461276595
0.001334335567677081
8.902707201474306e-5
0.00014395639860953897
0.000285947717290568
5.482774189061869e-6
5.080387608624884e-8
3.664519515025152e-6
4.424660386141503e-5
8.192130108154967e-7
2.6164720854273238e-5
0.009871646204623085
0.0028283535225195914
5.13743128007881e-5
0.002630662241505274
5.604167430666027e-5
0.002293501046864337
0.00021538896227306904
1.1727055686222579e-5
0.00012052639756254246
0.00017192118946654034
5.969252694112569e-6
0.0006446425290445182
4.135258054729627e-6
0.0017728260738798173
0.00011579118664025026
7.22382526107611e-5
0.00014701308605416302
2.7952079053392548e-5
0.005079393071739495
0.0016491917912392201
0.00946738978789004
0.0012706534730334942
0.00017528632162201532
0.0010842737529341443
0.011978542474075194
1.782721991353418e-5
0.003686236123373468
0.0037541290965213987
0.002810503985055553
0.0019157112446407396
0.001585200009817866
0.0037277100758779987
0.001040979777781781
0.0011784712284951932
0.003373207981083767
0.007816778817152639
0.003088647201777054
1.0239135069939675e-7
1.2085269806319465e-5
0.0006817621459682359
0.029636033520988384
0.000110558313724751
0.002901367558861935
0.054258147839093704
0.0005297138437692138
0.0024508843432756466
0.0024755960415645457
0.01363261951058967
0.0012401942288095612
0.010415529506257121
0.04626621073473581
0.016853680064891154
0.010895747656992381
0.003118532713716318
0.0009722360351732681
