"projection"
0.0015300873906492884
0.000983437037985271
1.0425033823220818e-5
0.0011703018750922312
0.0015004784641830424
0.0039971947058598965
7.759762578408222e-5
0.002942414509413918
0.00665421804070819
0.0029559974617714277
0.024352394388982603
0.002144908571396224
0.020380367295795263
6.723282116066461e-6
0.009145604000663658
0.018155957363404255
0.004792709524445001
0.003169873533450198
0.018455001910714915
0.0010942336254426575
0.011751233345085235
1.2070408574312716e-6
0.00022178782217521027
0.0006762411225304512
0.0001845782072035352
6.202705608665166e-5
0.010084639729055322
0.007263330248465544
0.0006396914188571091
0.0004956110806463947
0.0014309846289427871
0.011845482418872186
3.891564351538379e-5
0.006320620176449319
0.0005802713113433464
0.0064243797596688496
0.006200872513463931
0.016515857063787123
0.0011473785119192332
0.002213241394650429
0.009638798220502015
0.00043214063162923965
0.004274752948833666
0.011019049109566711
0.0005355238312213113
0.007985254772959223
0.016493220611154845
0.01072108358169814
0.011778592165973994
0.00015093987452622455
0.005854677815215279
5.530690440826334e-5
0.0019259074366459706
0.007977307076337729
0.010211838402282838
0.0015798118293050098
0.002000581344383729
0.0002865790850389952
6.848520135627694e-5
0.006197306555074488
0.00013880697951204667
0.0032183317885483976
0.0007478882510752337
0.00370448038885759
0.00993966012104546
0.00189324489738818
0.0035972040690692756
0.00025211921384085765
0.0006973568564969309
0.00018639251311798252
0.010526253268552341
0.00030675620044429396
0.0013616117030975244
0.006273952945702221
0.0005361932290830946
0.0016030927314804751
9.329761882597298e-5
0.009952672455282327
0.009699736969395266
2.9071883142801758e-5
0.0003347905235905197
7.817681271032008e-6
3.453479881307854e-5
0.005486323480712591
0.0006259525821926938
0.0008540915209690182
0.0002631838967519084
0.0002464682730173177
7.794034814250941e-5
0.00048240965543899344
0.006745333295386432
0.007661247242399529
0.0004117718854007107
0.012500347548430057
0.0036026851909579283
0.0003696875896426047
0.00015378165447028601
0.0005367485986320366
0.006017865679922071
3.1681571939165486e-5
0.0008769792206710097
0.0009150962432913012
0.0010700852144186518
0.0034298514185622923
3.3489698601915693e-5
0.002442272074274265
0.0009130744311355437
0.002660550853438725
0.0013295136023140034
1.8301379410575006e-5
0.0001806342153237307
0.005356653303797848
0.0012593810038553852
1.6386025100902092e-5
1.1980536488100009e-6
0.010217761962281835
2.902858310218813e-5
0.00048416438586180234
0.000769642983034518
2.209125278356173e-5
0.0002538225567001152
3.355117632058972e-5
0.001015751431880281
0.003161825475384313
0.0007923155318465838
0.00020434747585238648
0.0011579862991934285
0.003490926836968013
0.0008541890796636231
0.00017107883523699907
0.0029475836864423753
3.22912398283375e-5
5.652339171832147e-5
0.005258093356033256
9.198039765899933e-6
0.00031360812163622827
0.00045217090816929644
0.00951567155914247
0.005315432216108006
1.1050422873031285e-6
0.0015516713306001067
0.0016880356600465244
0.0018159165786394574
0.0002771204476721632
0.000555641055875432
0.002704742814177214
0.004694368061243852
0.0005487063749920663
3.367665559719136e-7
5.580286681608648e-5
0.0003660587027961517
0.00040041493490801454
0.00018917719748254587
0.00014818563322368242
1.625751470952782e-5
0.00012971364252092212
0.00013565204642764287
0.00014998851171248238
0.00119278326357003
0.0022428072380768294
3.380011464338662e-6
0.00044417500183372213
0.0007681653061602944
4.617781626529118e-5
0.004958701718536457
0.00469216900686642
0.015429586514059344
0.01056176593673223
4.136526232998268e-5
0.002332514832614145
0.011727818805774469
0.00022559574114547869
0.0010480207950340887
0.0011714221893348482
0.008045142615466646
0.0013437666507374827
0.0003514954543518654
0.0020254989637957044
0.0022840418912186485
0.0004730543092641552
0.00030739111664938027
0.00011998897926465024
0.005680050923803184
0.0005907728837923335
0.0030512555974481475
0.00022831063868504703
0.01817512059214066
0.0019239536947371005
0.00015478606305429252
7.805725358651268e-5
0.0017300112379328618
0.001831278829448516
0.0011271940302118974
0.004802532844300504
0.004158824291541534
0.0029186632985694684
0.007036236151635475
0.0032685455743594397
0.0006509711987472338
0.0004217406437796642
0.003859500271918823
0.008491654545218177
0.001645949381038914
0.006444056015728183
0.00381856946932613
0.0004666296205327603
8.233558758637637e-9
0.004019162819140764
0.0011584489077611356
0.00012675562530193698
0.0005114762080456895
0.0032225630271517348
0.0005112128627712073
0.001070168115249189
6.775141290458532e-5
0.00038991809687128855
0.0017144941457788282
0.0017801120570843554
0.0010653324875969882
0.004123562638165098
0.0014501718026568538
0.0009040852073794543
0.0005469883564861768
7.333990821421045e-5
7.852162252776621e-5
0.0009360094597106825
2.82513399139257e-6
0.0009831976457776825
0.00010195564691325801
0.00033039593789946473
2.3571874995173883e-5
0.0009831117042676378
0.008350629270241166
0.0006348722352424583
0.0024116229278143006
0.0010931423210536015
0.0011985047355666824
0.00017665670806502436
4.257157001918641e-7
4.173610550499267e-5
8.806167442520944e-6
0.0019118886951930256
0.008488983395459945
0.005178954869311549
0.03463007266996286
0.0004015562798067936
7.986089096518537e-7
0.0018433821496055337
0.0001546753151536673
0.008405464561027693
0.0006402869615696698
4.360591144500838e-6
0.0012621334890736192
7.832067305602904e-5
1.1650968757194506e-6
0.0044405949583737345
0.0023317822334978193
0.0005416399450168094
0.003984440367225187
0.00012850123390756077
0.0009280602682540304
0.00704573423274176
0.01708644004525731
0.0018288692458455094
0.0015583106092560174
0.0004606102078770245
0.0021211392162410023
0.0008531715078374776
0.0032531214345913988
0.0008612842574872872
0.0020653065978635103
1.0447618523936823e-5
0.0007428286943544268
0.0035594592519867917
0.00016286915857396885
3.313370299113616e-5
9.098077390552163e-5
7.211365011915059e-5
4.780721226193167e-5
0.000424814551158929
0.00011434801277120663
0.00019204744043468242
0.00011320974903603686
0.005562898468598009
0.0034840609254951963
0.0014585688462738248
6.0796043690844066e-5
0.0006641213309582478
0.0003420186560886437
7.100967438095674e-5
0.0001522921353947645
0.0052415191725263864
0.00035392108834136763
2.0584616487333484e-5
0.002098549374511157
0.010675482688436242
0.0019863407748392475
0.00015869495631531136
0.0006306055693310508
0.0006320752706850308
0.0003954292731449925
0.0003590012582447564
0.0013895390039241468
0.004514461145854046
1.5292274842471697e-5
0.0006379271946609995
8.820917257027655e-5
0.003894138240373407
0.0011478281263028515
0.00265801178772555
0.001184450160034942
3.913096668598487e-5
4.019114352664237e-5
0.017366689550047748
0.00015225624997390285
0.0020520913505540036
0.005797755353198747
0.006649227890694425
0.0038465094573100914
0.004571677104538252
0.0005567045473547668
0.001711387745442994
2.511370423858511e-5
0.0012597115730154014
0.0007086897581766484
2.4842351488118732e-5
7.990545255520737e-5
0.005327994630586661
0.0006888466788018844
0.0018725464180307338
0.0023595231267794035
0.0012551231349283425
0.000727871239345348
1.2220556831365912e-5
0.012455252964337457
0.0012237263430542513
6.420139355561214e-5
0.0001658117319289636
0.002090487043678234
0.0001257746189595333
0.0013104154979216927
0.0026749671786130075
0.00024129138925540623
0.001867786834270253
0.004853212981692193
0.0006653009634303731
0.00038483454455702694
0.0002537215335358112
0.00015772708008864164
0.0014275929446178296
0.005103752351485893
0.0007810112623638148
0.0009019308299075994
0.007401168073410793
