"projection"
0.0008752932513560339
5.5017401790794414e-5
0.001106349011160698
0.006269707576546657
0.0033698299524839077
0.011375986584826435
0.0007683246443172886
0.0017662897527354528
0.0001056626838526492
0.002070077152241368
0.002185873169548243
0.0005385809678809683
0.001721884071986134
0.003880153580111741
0.004290293084068234
0.0002938616613849069
0.0002603281219521998
0.00010906041905048981
0.00984877959027196
0.0008873150950143712
0.0014484495029342419
0.0018992286797169487
0.002143264104725777
0.0017061149957695394
0.0006129726188973666
0.0057800969364370175
0.01825251917482643
0.0001682672908299456
0.006659484237916319
0.0031935721348053787
0.00200140597788996
0.005342091485688949
0.0019253322593859562
0.011468105347697282
0.0005427043269403468
0.001233774450310054
0.020243567238448026
0.0007790279693648214
0.0017387314046533099
7.65095624588043e-5
0.00011120708377042274
5.8140057021124444e-5
0.001404107754967145
0.0005924244191175714
1.7934830712456715e-6
0.0017970127267326352
0.001997638851699816
4.079709348226383e-5
0.0009732181282944551
0.005163650883804315
0.0001311187678094281
0.0002145437657620141
0.0016903439933659832
0.008922615271469453
0.001102052889104064
0.0018425240028645958
0.010294650036133814
0.0028992393649449337
1.6616794015540907e-5
0.030421757938456338
0.0009685758294160625
0.010594728086664838
0.0007589311946094603
0.005528765878621558
0.0022388253845984354
2.1516480310838208e-7
0.00451998068226591
0.0011378991616513873
9.981347760480284e-5
0.001986325501696715
0.0005110400234764689
0.004219172951446426
0.005464931614467425
0.00025415173575547894
0.0001383802143096581
0.009124709299008814
0.00034423121161107455
2.1983136496777388e-5
0.0035093571403410012
0.0004806494984387967
0.0031701434735519306
0.00010801136647496927
0.0010730149696008984
0.014952108611547851
0.0034514116511427185
4.313206587759486e-5
1.4278217021823424e-5
0.0009906644348337697
0.0017539754113337215
1.8862070470503205e-5
0.0038682361835121392
0.0002849389359878233
4.2299773782569055e-5
0.004303307988356113
2.0535489569224786e-5
9.230172660699164e-6
1.713139140500796e-5
0.002752244271514716
3.7027973010467107e-6
0.0006800602511876421
0.00715358336330669
0.00024254744175872045
0.007405486551950045
0.002276383592391373
0.003714201953270077
6.116206089950365e-7
0.0003414963818186361
0.005949996693873924
5.005473640066955e-6
1.4810014155213892e-5
0.00020753481373474094
0.0006355117940739257
0.002662788879470989
0.0021657677776372496
0.007250982843933823
0.004024413361344967
0.0033403341061438558
0.004885900141468792
0.0005969183661033047
9.137546342279342e-6
0.0007243247282617632
0.0010750996153614076
3.5617310590481253e-6
0.0006290392752907461
0.0008559586697645911
0.007242302662336871
0.004056742640125588
0.010872402273531036
0.005624658994184778
4.034320827529476e-5
0.0011461807768858184
0.001124815432318248
2.146655078333309e-5
7.00639841304916e-5
0.0015465667766559217
0.004627328610852495
0.0007316719674243009
0.006098323297333399
0.004124774912451521
7.945395870065102e-5
0.004278731611621936
0.00014084841745151406
1.5844855870020413e-5
0.0003353423143581366
0.0007811013717242693
0.010775876129705268
0.007644909714733854
1.6736075725599487e-5
0.005435955749920848
0.00011792664473875321
0.00020438534974830938
0.0008842639837654987
0.0007298924758743475
0.036446610600238724
0.00016812670888148693
0.0007475122953776209
0.003422451050233591
0.00024489727034442767
0.00713213063014032
0.013338533151085989
9.666236839156074e-5
0.0006851204913851382
0.015762658215794964
8.174096315917561e-5
0.00023855703216610867
0.0010599930357606854
3.6262423970812694e-5
5.605020745164268e-5
0.0028581656203094173
0.0024672701462318688
0.006650276492933151
0.007423302842925306
0.014224904872686442
0.0001994072019505015
0.012765502778829707
0.008327236574038508
0.00032021598791172963
0.00937929656862897
0.007000038961306654
0.0070425724806381824
0.008356108012967087
0.0022365903038337625
0.0030531309217675237
0.0030865280629557373
0.008812336903871114
0.0002042312436926161
3.4974536101609666e-5
0.016104333077935587
0.00034733745258262386
0.0021010771045430333
0.0045643797129611115
0.0026453457221609893
0.0029187917498872825
0.0012690858761053774
0.0037701432354359386
0.0016670594858103753
0.0311239487238382
0.0021190711373755464
0.006986264578730539
0.004342966083942592
0.006330221762193511
0.0017553341396979124
0.00013544929407741666
0.002514402836675892
0.0001441988882909413
3.988857314112724e-5
0.002920685500781254
0.0014908616707878337
3.534358942451472e-6
0.0023839506932733182
0.0006828744515654694
0.00038733185393181955
0.0025965297270368957
0.001159827908487678
0.0003305457464353927
0.011568168094553853
0.00016139559132827454
0.006057385859381939
0.00030179440794938974
0.000979820636347039
0.0008843393542713253
2.0530550605241096e-6
0.0006192833382925648
0.0007040818715093342
0.0005094669502886892
0.0030230361947325393
0.000720637476398937
0.001142361316327068
0.0004320175494183845
0.0001465677620596402
0.0032589601804432133
0.005052774950543345
0.005079933115064628
0.0011512039564853624
2.681917842227751e-7
0.0007177234824905515
0.0001298953417032411
7.811154597295406e-5
0.0015481717343112994
0.0017915392609156781
0.003861883224712907
0.00015632848729366786
0.00027614363007072396
0.0011188391778524283
6.065498794804345e-5
0.0008837547022468184
0.0009543259956799111
0.0006814726578114473
0.0008218082074856357
2.0359821293372418e-5
0.0003227741184282219
1.061021775341772e-5
0.00021517931167469527
0.0007516867088940896
0.00026027125903752403
0.00026722403951552376
0.0004474635493913722
0.00014812227445735345
0.0005551162539015734
1.0470695083536577e-5
0.0005350680307647271
0.004435166687943345
2.055751725773984e-5
0.00046810350674416864
0.02482033438605642
2.3486462761350376e-5
0.0007690434537838262
0.0018423639774070696
2.2112046191694314e-5
8.018290649872056e-5
0.006914175212852283
2.6118903731842277e-5
0.0019456570457754927
0.0001879952677327037
2.95946323816505e-7
4.5858153399697384e-6
0.010239418133846965
0.0006732431825065932
0.0021240071170800312
0.002343583486242355
2.480013893602566e-5
0.0071559530486832845
2.71600676798236e-5
0.00042277402883319966
6.39826230488043e-5
0.00023958476130426972
0.0009104220118927285
0.0008965673756732367
0.00034968737376292046
0.00012781932658483897
0.0007339777366357933
0.0008395088202848353
0.00013542117981885684
0.00010657977744342204
0.00907438733189564
0.00047587147142131274
0.0037512055284828413
0.00036756511270128096
0.01637237806004043
0.002599890495198134
0.006723027117733826
4.382577855706681e-6
0.004017214538736742
0.0010209338259664945
7.368743926026355e-5
5.881987915589242e-5
0.002639094965642402
4.6944294830256505e-5
3.898727195834415e-6
0.0004899522570167921
9.00467754409772e-5
0.0007517710562664327
0.0005038078517452732
8.500905872008092e-5
2.793974744283138e-5
0.002021775381332314
0.00044355403186887226
0.00038573139103597215
0.00015660361156317378
0.004768236298690654
0.0007066015618385755
0.00046954745347257244
0.0020283082781231776
3.38503980853037e-6
0.0008453589258177639
0.0005170676527322897
0.0007316891695091208
0.00020491396860289137
0.0011110048307723698
0.0005514167032856717
0.003735003773648533
0.00013466445145089235
0.0029955221119820144
0.00021270867285962786
0.0005752633430254844
9.524626103215637e-5
0.004130273684938598
0.000288490013220236
1.7551014791969047e-5
2.8702623256556644e-6
6.88168293506522e-5
0.003309085406898558
0.0010483956857750105
0.0008137363080698836
0.006613383356157735
0.010521494932545398
0.00030923813632395623
0.00041388391024447374
0.009206849730830528
0.0008480536870355021
0.0016873474850979545
0.0005791479276223987
0.00011088672664369836
9.516982892673019e-5
