"projection"
0.0008314639987014625
0.00012835237149357284
0.0015697839974104751
0.0010724606768428857
0.0038655550341182543
0.0009192632981050474
0.0005770814684726628
0.006091319699731267
0.023646997269981103
0.013965829232633195
9.326325016389712e-5
0.0012210854949625154
0.001120455890787442
0.0013885062334008504
0.0002253485520682183
0.010380863159649178
0.014870247084115239
0.007200787025314771
0.0019413987088807698
0.031357503892370665
0.006274488506437873
0.00793357209324791
0.0021757264220868826
0.0009175780824686455
0.0003347459579748245
0.019242245607203654
0.002736441943365359
7.795034413892578e-5
0.023271561685136
0.005000383866842929
5.094034377413034e-5
0.0010289777440902121
0.03723333325241094
0.005076789858358639
1.1816338503835768e-6
0.010242717901635374
0.0014534788875617782
0.013485097891830555
0.005877706621130348
0.0003658504565975696
0.010794985194013416
0.00012035785698685354
0.020850957900675034
0.0036613690291002984
0.008299462721008215
0.019898006382800853
0.00792422086517247
0.004272312296594781
0.014761270134055498
0.0005203031718856335
0.019053808711624723
0.000529833425304049
0.0003628769366704534
5.492903213313922e-5
0.0007937056094452652
0.00198762426100722
0.004110956065883831
0.004641042681586907
0.0194455268274672
1.560420042786556e-5
0.000189739271631985
1.2650155068075106e-5
0.00076786689471176
0.0016305422222437842
0.0020152109814274787
0.00885511488041813
0.002329131935438163
0.00924737806930009
0.0005500538840044693
0.00020207683530306403
0.010697767320056863
0.00047528611987726594
0.0004596231676494406
0.0005716696138382637
3.820900650835997e-5
0.0020075004313939034
0.000626982706204361
0.0016716758519917676
0.00040515722164269856
0.00022767207552243815
0.0006806297977637717
3.74334231485376e-5
0.0019117699656927116
0.0017449075026585111
0.0019475609868397263
0.00017981172520759698
0.00028637113947121593
0.0012869446334047338
0.00013691908541027545
0.010197382655078325
5.831048665805342e-5
0.00021382840977688763
1.1077943752162534e-5
0.0043851630768983055
0.006732651770418781
0.0015558818169790559
0.00011200027053028384
0.00022334705830590054
0.008304903181114286
0.0017752320699295718
0.008267247521000875
0.005554149158831473
0.0009273896051028296
0.000326045029671781
0.001159774832768404
7.911777186090492e-7
0.0024555183328593233
5.882795844695582e-5
0.0009635594314791154
0.008869860402562577
0.0027213127033035014
0.0016508601440334116
0.0005039910146966722
0.00012230050094374064
0.0006581512738725847
0.0017289771590192334
0.005575678838681601
0.0019933577097377172
0.0002031156033017072
0.006721152385953791
0.018900652968851853
0.0183814020707093
0.0032065090011459143
0.0010709059976903334
0.001113372435718702
0.0032308577899130488
2.8232396694279666e-5
0.000749375517063656
0.00103538955088833
0.0032594642546041885
0.0019470320039595252
0.001773602434907099
3.590394806782308e-5
0.004701180245518507
0.03343780491242772
0.0007335517207306212
0.00014550814897007513
2.1231739407616433e-6
4.533806163454577e-5
0.0005150408844149135
1.350542472204591e-5
0.00106796409529061
0.0043887212998062934
0.002002287623157267
0.009204948363567332
0.00023319566427329797
0.0004986235158981469
0.000601312126319499
0.004095279254342282
0.004164516432227285
0.0008422641586276257
0.0005548361986299327
0.00021162810184448085
0.000586008968782993
0.0002620727482006263
0.0010682214225277917
0.005634383747611358
0.0007986027333386186
3.410575990672308e-5
3.9960363102833645e-5
0.00011196607455015787
0.00014215360961976142
3.9702608204869355e-5
0.0005147886672092521
5.859705021457985e-6
0.0009553182201616992
0.00044345993500812995
1.555492184646335e-5
0.0007428555008170131
0.0002059853572648966
0.0009454283977063591
7.657383645426665e-5
5.5545796679645005e-6
0.0014569540976588163
0.003950528709068409
0.0003512568666368773
0.016498094620099765
0.0012397790903793944
0.0003936917273005159
7.3029815625771225e-6
0.0013264495365308117
0.0007935655141687282
0.0005727304272222018
0.007295260555364635
0.0013857369869591828
3.374132177959918e-5
0.0023527732444994843
0.00016920441851829478
0.003705902647163575
4.247580853547939e-6
0.01568011327992922
0.005034269485800032
2.8766721779796666e-5
0.00122243059295182
0.0002568142975970671
0.008710070294293574
0.00017132952022305583
0.0015165493998048828
0.0029558818232289907
0.0011279235423587008
0.0008416188934506247
2.955791666436582e-5
0.0003934631773850898
0.007310070670923665
0.0002553570573199456
0.000835323289839808
0.03771609968535007
0.005928864206703762
0.004163023157353228
3.2408091561319757e-5
0.00021894063767064167
0.003872423275111738
0.000648234995752679
0.007729037737948821
0.008499924576427216
1.4998803908715576e-5
3.154080589442525e-6
2.221634220823002e-6
0.00012166752351411578
0.0006046163172815134
0.001188657049153768
0.0035971066485217564
0.0001571695360330575
3.54498265654169e-5
0.00011282285931334798
0.00019828091052235085
0.0010185420659229456
0.004258611677488207
0.002035632473883012
4.983359474246887e-5
0.00016495304737932693
7.679057094883034e-5
7.772639248997328e-6
0.0014546316918722835
0.0007938529974406742
3.387208037070984e-5
0.00021088518596988707
1.5436007437059458e-5
0.0004076532609596968
0.0018197116482008512
0.00011474294345161798
5.100188602259951e-5
1.8327974388257325e-5
0.005037280075426503
0.004821365889882578
0.008655411785539215
0.00029300836034549773
0.00041066197425680136
0.007206440098163688
7.24162886830176e-7
0.0037020790534007288
5.657438570398294e-5
2.365756019546018e-6
4.795562152340577e-6
6.975133285264515e-5
0.0005635520829720145
0.0024155093589576597
0.0004268713801149945
0.00025280789914106387
0.0038117708172458933
0.002424005022748127
0.003707348312161226
0.0016217020188736872
0.005034132371616824
0.0017448943708573059
0.0031056540389333654
2.5505789445056445e-7
0.0003914502688484723
2.1801032142976127e-5
1.1210874373171291e-6
0.00011329622794535173
0.0008948600857638354
0.0005787961759556604
0.017567244288656553
0.0010406936189562824
1.1959051109260541e-5
0.00450454249765872
0.0074838310605020615
0.0007114225395068954
0.000387094373434517
0.003908536875310825
5.211185768573082e-5
0.001447569217817551
0.0008620665570341027
0.001025486322868407
0.004549771776607501
9.462140907170925e-5
8.431524387456593e-6
5.5787636446909436e-5
0.007824775757819412
0.0030270310458449133
0.003899295984082251
0.00036478808345679074
0.007985348818416
1.675493270142331e-6
0.0012346913412335492
0.0005138150993225958
2.8496566776391353e-5
0.00013169439133724325
4.6703668458317066e-7
1.3662718038569906e-5
8.983469647202501e-5
4.870259166414827e-5
1.360458431524156e-5
4.002779704059191e-5
3.872786390055311e-6
0.0001623953268657447
7.837538206148275e-6
8.904014134310622e-5
0.00015881007292728566
0.00012358569975130253
0.00018147203969656376
1.5083018400662675e-7
0.00034550256062388924
1.0263094434132297e-5
5.0046956071762356e-5
4.058105461648615e-5
1.884441388082889e-5
0.0003252345126006852
0.0017928361569087908
6.796642666014762e-5
4.6735417898529975e-5
0.00011930984276310616
1.137302242917057e-6
9.618634594729492e-5
2.520103353277174e-7
0.00028114818592528396
0.00013094905192399627
0.00022800268407431745
0.00033503725887177894
2.2021027862621107e-6
7.445839388588311e-6
0.00034561411532038394
1.5370061802648977e-5
0.00018665148792917344
0.00011329282183804197
7.489868448693241e-7
8.211246291858859e-8
1.4696402286557444e-5
8.328023480738164e-5
1.7363364910573383e-5
4.253956474662866e-6
3.332967488681464e-5
8.478536589203267e-6
0.00010472155057663176
4.573462558043425e-6
9.158563491035642e-7
3.4665481727744236e-6
