"projection"
5.124990727558028e-6
0.01665213240298438
0.0004426149192909961
0.04490496061913757
0.007956157882622729
0.00244737485978613
0.0020989793860329625
0.015996551235294695
0.00027584816327968765
0.0007986809129539754
0.026897946622568055
0.0007987875719746169
0.0005314022987164975
0.00430974728209452
0.0007060099848014434
0.0020882183291264086
0.002432743611305529
0.003126572999733317
0.0025588622464803043
0.001980344712997741
3.41463822534611e-5
0.00022512543505901787
0.021564585565726605
0.0007580100204390648
0.0008484507693584303
2.4759341696158055e-8
0.0008452022595257778
1.2706028094833387e-5
0.013023726902056344
0.0019816992285647127
6.438896580741823e-5
0.0015875809378283418
0.002581383030882076
0.008235393145911669
0.0016020107550313316
0.0009446204760260268
2.6510368075969784e-5
0.0022552304323041434
0.01621695327345391
9.760398576055075e-6
0.0016217692343374517
0.0052945628212312645
0.006282691404611304
0.008329648153074349
0.012145437928007262
7.452496169828709e-5
6.780293693993026e-5
0.001096788014094896
0.008106128625926742
0.005490856734277017
9.157239022608786e-9
0.0005075041740630762
4.81567808912799e-5
0.0016076999817180948
0.004743246507843702
0.001375322953359549
0.0009936536008038205
0.001508096424265359
0.0010851485399748558
0.002676248046657692
7.508674739812044e-5
0.00024042306885696272
0.0005053871561848045
0.019737997479339405
0.0004846437797797123
0.000502949058386595
0.0001984297662478982
0.0023340662048520915
0.003401510409006612
0.00046307704216722376
0.0008591542660103084
0.0007466501410662667
0.00615296539429947
6.58885858937097e-5
8.825564934312436e-5
3.454117769630701e-6
0.0006706817097189406
0.003214599879729405
0.0010953618358596094
0.0024072030200666984
0.004929025496157537
0.00016178588180623844
0.013123187387071258
0.0030402183017461696
0.0008045061310212009
0.007778090408976988
0.014435270001788608
0.00047244477394842193
0.0008368478287283786
0.0009489694272839095
0.0003747838939972574
0.0006456172464748523
0.003585528929554661
4.215200343775904e-5
5.2154892933180584e-8
0.0015231552356493629
0.0015193810294620326
0.00637026159447358
0.0019886469402706206
2.524022362192325e-6
0.002593483008757144
0.010166146671252978
0.0016980715666944706
0.00017389234321769215
0.0009290814565653336
0.0025950187983807527
0.009929891411374016
0.0030977372629804587
0.0005657252490318049
0.0002731774509306914
0.0019380916309476985
0.0017036367844528418
0.0003504508751739536
0.0008013947771324365
0.00039472488180563545
0.0006371442144693069
7.335581347248456e-5
0.000968618638888254
0.00698180768413313
7.646139825798674e-5
0.02099841637198534
0.007826047938246506
0.02065943770089352
0.013033480743688722
0.0006011535207150354
0.001785750432836493
0.0017065185403839767
0.016242750105116506
0.006439139476375231
0.0017101072999471398
0.001233383082874733
0.008574354419999996
0.001267250995893322
0.009425875496483048
0.002529068717775865
0.00033149773757415853
0.007644315332104798
0.00019206828375970672
0.025176117645571868
0.01304973528661157
0.015318925893139382
1.2412343998191387e-5
0.0004831953532855585
0.00044090133970238146
2.1694587620755134e-5
0.00011971344177498661
0.0003706913810693293
0.0007558906488760175
0.0013990097215269821
0.001792188766897712
0.00030662029403742637
0.003778803216787087
1.6775637569954403e-5
0.003823142484723916
0.003019628001237138
8.453331554535685e-5
1.1324545744318821e-5
0.0016532279479070737
0.0008675688417213545
0.009282625170251758
0.009686811555771486
6.268345395331883e-5
0.0002420524824514862
0.0010439183414975312
0.0019952905363327536
0.0002808500796627534
0.002026734876535751
0.0001414514401937533
0.00015688223058528774
0.0007715328513145612
6.350801374997173e-5
0.0009209386019923574
0.0024406516824588874
0.002088509160932217
0.005639904654750979
0.00011543878638662279
0.0070064907356033644
0.001040913455534333
0.0034251405368479486
0.00044865251237148976
0.0003835307864640019
0.006449807418118856
0.006364937253299737
0.002783707149769611
0.006957715313402239
0.0032101286290882225
9.491391019711025e-5
0.00038586471188140824
0.0013259612132897301
0.0005903139779267352
9.327126552155972e-5
7.645828217149916e-5
0.0011575797547694322
0.001305562048235399
0.0005587660303170248
3.808769084329473e-6
0.0002707404696738007
0.0008535252646495876
7.874633185644977e-5
3.915621524221452e-8
0.0008284281520132519
0.00022504751311949817
0.001785693592113125
0.01224688675253571
0.0006932470782339065
0.007028619680082126
4.1691663631490484e-5
3.248825855500909e-5
0.000447548703013742
0.0005299641891346456
0.00031946292546201866
6.352538949392604e-5
4.8416372378144865e-5
0.0001816204796807523
2.0881365114576375e-6
0.0017836530151156096
5.9436784033452844e-5
7.186415675087087e-5
2.142645847633995e-5
8.445350015138817e-6
0.0012358534170564218
6.890586391459655e-6
2.9678495578901904e-7
2.8132501100588586e-5
0.00015917982576974156
0.00018386580578397239
0.00014339814641069448
0.0022535213756605106
0.00017219977502877507
0.005987681388818968
8.860518727872506e-5
1.690478323526363e-5
5.652171815316791e-5
3.463782927894242e-5
0.00045547255042382333
0.003293256774733734
0.0037116863215429148
0.004421201375204863
0.001130413094144977
0.001583039737780956
0.021119791421853343
4.5505031103844285e-5
0.0013748555096893495
2.3515916222118832e-5
0.00023412126011872477
0.0005919400018673497
0.002248822010473138
0.0129076959744029
0.012806107673779798
1.276300933205509e-5
0.005681563363895122
0.0011692947364390458
0.0003736334750618131
0.004312881946144556
0.0371732171731276
0.006552754884872282
0.0229855374832802
0.0012261607851607294
0.002919309668144785
0.03342978720860587
0.0002691786225426559
0.0027602940057568893
0.002128354297158468
0.00018813787811278827
0.0005052315237268832
0.00018082544118642026
3.971428574148547e-6
0.0025994539244383265
0.005076189033698344
0.00041961016416962874
0.0005518703170769915
0.001401374993877513
0.013622229257785784
1.042605407922443e-6
1.700128454759899e-5
5.995301971351341e-6
9.835220662347112e-6
7.394949400250579e-5
0.00011567610333304791
0.0006385075507290357
1.3544066088295616e-5
1.600818787952278e-5
0.0005197720489493183
0.00076734795896037
0.0028081339156880796
0.00028289713730161604
0.0005633962182932081
0.00019733809566240416
7.693203160232464e-5
3.3301310429028328e-6
0.00017447987932140587
5.464873771856941e-5
0.0008317933312800686
0.0008797585674728977
0.002414674262088491
0.0007569095716910921
0.0003034604406955119
0.00016958638464548462
1.8618879786146224e-7
1.1967969987191907e-5
6.863387514662192e-5
0.00026196017476794116
0.00015592246465099955
0.0004320901061340205
1.0849536901452873e-5
3.0267252660304412e-6
0.0007063413181016027
1.2284741592134674e-5
0.0015144035729540218
4.433040419532909e-5
0.0003157019178443961
0.001855936780039886
0.0007736816639966145
0.00013206478460635064
4.436880764898286e-5
